17((6,16)(12,8)(16,6)(8,12))
98((9,15))
90((17,20)(21,16)(11,30)(30,11))
72((11,32)(32,11)(22,16)(21,17))
4((15,21)(20,16)(21,15))
76((16,20)(24,13)(20,16)(11,29))
40((17,23)(21,19)(12,33)(33,12)(30,13))
89((11,14)(13,12)(9,17)(14,11))
59((9,24)(24,9)(14,16)(16,14))
79((8,18)(13,11))
86((9,29)(24,11)(20,13))
84((7,15)(8,13)(13,8)(15,7))
5((10,13)(11,12)(9,15))
13((12,15)(8,23))
8((10,26)(14,19)(16,17)(17,16)(19,14))
19((14,19)(16,17)(17,16)(22,12)(10,26))
35((6,13)(11,7))
45((12,21)(28,9))
36((8,13)(11,9)(9,11))
12((11,13)(9,15)(10,14)(20,7))
34((14,18)(10,25)(25,10)(15,17)(17,15))
H
14((9,15)(7,20)(20,7))
9((3,5)(5,3))
6((13,21)(16,18)(12,23))
60((14,15)(13,17)(11,19)(19,11)(12,18))
96((14,21)(16,19)(19,16)(13,23))
71((11,19)(13,16)(16,13)(19,11))
26((7,12)(6,14)(8,10)(10,8))
80((13,23)(18,17)(30,10))
31((6,7)(5,8)(8,5)(7,6))
27((12,26)(26,12))
57((8,9)(9,8))
37((10,32)(14,23)(32,10)(16,20))
82((7,14)(6,16)(16,6)(8,12)(14,7))
43((8,14)(9,13)(16,7)(10,11))
33((8,18)(15,10)(18,8)(7,21)(21,7))
25((12,25)(21,14)(17,18))
93((14,21))
41((7,8)(8,7)(6,10)(10,6))
V
H
29((8,9)(7,10)(9,8)(10,7))
69((14,20)(18,16)(10,28)(24,12))
V
61((5,10)(6,8)(8,6)(10,5))
39((7,11)(8,10)(10,8))
V
H
51((14,19)(13,20))
53((7,12)(10,8)(8,10)(6,14))
22((7,9)(5,13)(13,5)(6,11)(11,6))
V
55((16,20)(17,19)(19,17))
V
92((3,4)(4,3))
V
46((7,20)(13,11))
V
H
47((10,22)(22,10))
V
16((9,26)(13,18)(18,13)(20,12))
H
15((10,25)(11,23)(23,11)(13,20))
64((9,17)(17,9)(11,14))
H
V
H
V
24((6,7)(7,6))
V
78((17,21)(16,23)(14,26)(26,14))
H
73((9,26)(10,24)(12,20)(20,12))
83((9,10)(10,9)(13,7))
23((6,10)(12,5))
V
V
52((13,16)(21,10)(11,19)(19,11))
H
V
V
H
H
62((4,5)(5,4))
V
20((18,20)(32,11)(23,15)(14,25))
V
V
21((6,16)(8,12)(7,14))
48((5,6)(7,4))
42((4,4)(3,6)(6,3))
H
67((9,11)(14,7)(16,6))
H
91((13,26)(26,13))
87((12,24)(11,27)(27,11)(13,23))
V
V
H
54((4,6))
H
V
V
66((9,18)(11,15)(15,11)(8,20)(20,8)(18,9))
V
100((3,6))
H
V
50((10,20)(14,14))
H
77((11,12)(10,13)(9,14))
56((8,13)(6,17)(9,11))
H
2((13,28)(11,33)(33,11)(16,23))
V
V
H
V
V
65((15,21)(11,28)(28,11)(26,12)(10,31)(31,10))
28((6,11)(11,6))
H
V
H
81((14,20)(18,16)(12,24)(24,12))
38((13,22)(16,18)(22,13))
V
68((15,18)(11,25)(25,11)(18,15)(16,17)(17,16))
95((14,18)(28,9)(13,20))
75((5,7)(7,5))
V
7((12,30)(22,17)(28,13))
V
44((9,19)(14,12)(8,21)(21,8))
V
V
H
V
V
H
3((10,19)(24,8)(11,17)(17,11)(13,15))
63((10,13)(16,8)(13,10))
H
V
V
V
V
30((7,12)(8,10)(14,6)(6,14))
88((13,30)(23,17)(17,23))
49((14,17)(26,9)(13,18))
32((12,20)(15,16)(16,15)(20,12))
H
H
10((11,13)(14,10)(13,11))
H
99((4,4)(3,6)(6,3))
H
H
V
V
V
70((5,5)(4,7)(7,4))
H
H
V
58((10,12)(17,7)(8,15)(15,8))
H
V
11((9,24)(11,20)(16,14))
V
H
85((4,5)(5,4))
V
97((10,12)(8,15)(12,10))
H
H
H
H
V
H
1((12,32)(14,27)(13,29)(29,13))
V
94((11,14)(17,9)(15,10))
74((8,24)(24,8)(9,21)(21,9))
H
H
18((16,17)(13,21)(21,13)(10,27)(27,10)(25,11))
H
H
H
V
V
H
H
V
H
V
