497((15,20)(22,14)(28,11)(11,28)(14,22))
238((10,20)(11,18)(18,11)(20,10))
468((13,29)(19,20)(26,15)(23,17)(20,19))
421((11,32)(13,27)(32,11)(17,21)(21,17))
400((10,18)(18,10)(22,8)(12,15))
479((10,33)(15,22)(22,15)(16,21))
312((14,22)(11,28)(28,11)(22,14)(16,19))
280((9,23)(21,10)(10,21)(14,15)(13,16)(16,13))
118((11,15)(8,21)(21,8)(9,18)(12,14)(14,12))
63((9,20)(14,13)(23,8)(8,23))
372((17,19)(11,29)(29,11)(20,16)(16,20))
427((9,23)(14,15)(15,14)(13,16)(23,9)(17,12))
192((10,24)(17,14)(24,10))
342((17,21)(27,13)(15,23)(23,15)(14,25)(11,32)(12,29))
490((12,24)(24,12)(19,15)(10,28)(22,13))
67((12,23)(13,21)(21,13)(11,25)(25,11)(10,27)(27,10))
387((9,21)(23,8)(16,12)(10,19)(19,10))
213((19,21)(24,16)(14,28)(21,19)(22,18))
54((4,9)(9,4))
V
18((15,20)(12,25)(25,12)(21,14))
182((10,16)(18,9)(8,20)(20,8)(16,10)(12,14)(15,11))
247((18,21)(23,16)(25,15)(21,18)(16,23))
237((14,22)(11,28)(28,11)(13,24)(24,13)(17,19))
463((10,22)(11,20)(16,14)(20,11))
334((17,21)(11,33)(13,28)(28,13)(30,12)(12,30))
325((5,6)(6,5)(4,7)(7,4))
165((8,9)(12,6)(9,8)(7,10))
258((3,5)(5,3))
191((17,23)(35,11)(18,21)(14,27)(27,14))
41((9,10)(15,6)(8,12)(10,9))
393((11,35)(19,20)(20,19)(12,32)(32,12)(35,11))
381((6,13)(7,12)(12,7)(13,6)(8,10))
100((12,30)(13,28)(32,11)(16,22))
112((16,23)(18,20)(20,18)(11,33)(17,21))
115((16,25)(18,22)(15,27)(27,15)(33,12)(14,28)(28,14))
205((7,9)(13,5)(9,7)(11,6)(5,13))
326((15,27)(20,20)(19,22)(22,19)(16,25)(25,16)(18,23)(23,18))
82((17,19)(19,17)(12,26)(26,12)(21,15))
57((11,31)(17,20)(20,17)(14,24)(24,14))
122((10,32)(14,23)(32,10)(16,20)(13,25))
354((5,7)(7,5)(9,4))
44((12,26)(14,22)(16,19)(22,14))
V
139((16,25)(36,11)(30,13)(11,36)(12,33)(33,12))
454((8,14)(9,13)(13,9)(7,16)(16,7))
271((8,20)(9,18)(18,9)(20,8)(10,16))
125((13,20)(16,17)(14,19)(19,14)(17,16))
317((13,18)(15,16)(23,10)(11,21)(21,11))
45((11,30)(14,24)(21,16)(15,22))
478((11,34)(25,15)(14,27)(22,17)(19,20)(20,19))
216((8,15)(18,7)(10,12)(12,10))
19((10,16)(17,9)(14,11)(9,17)(8,20)(13,12))
251((11,35)(16,24)(19,20)(21,18))
259((15,26)(30,13)(23,17)(14,28)(28,14)(13,30))
294((8,14)(7,16)(10,11)(9,13)(13,9)(14,8))
429((11,21)(20,12)(10,23)(23,10)(15,16)(16,15)(12,20)(21,11))
257((11,21)(12,20)(20,12)(21,11))
75((17,23)(19,21)(21,19)(12,33)(33,12))
221((9,21)(21,9)(10,19)(19,10)(12,16)(16,12))
369((3,5)(5,3))
398((17,18)(11,28)(10,31)(31,10))
306((11,36)(21,19)(15,27)(16,25)(25,16)(27,15)(29,14))
315((5,6)(6,5)(4,8))
180((12,28)(16,21)(21,16)(17,20))
423((8,14)(14,8)(7,16))
145((6,8)(8,6)(5,9))
6((11,17)(12,16)(16,12)(17,11)(8,23)(23,8))
59((6,8)(5,9)(8,6))
284((7,11)(11,7)(8,10)(6,13)(13,6))
303((12,19)(19,12)(11,21)(21,11)(16,14))
86((6,8)(5,10)(10,5))
439((16,19)(12,25)(14,22)(22,14)(20,15)(10,30)(30,10))
444((11,24)(15,18)(12,22)(22,12)(18,15)(17,16))
H
172((9,27)(13,19)(10,24)(27,9))
H
241((14,20)(11,26)(26,11)(10,28))
360((10,21)(13,16)(16,13)(11,19)(19,11)(12,18))
467((6,7)(7,6)(5,9))
120((15,17)(11,23)(23,11)(9,28)(17,15))
62((9,24)(12,18)(10,22)(22,10)(14,16)(17,13))
148((9,14)(12,10)(10,12))
H
235((17,23)(28,14)(16,25)(25,16)(19,21)(21,19)(15,26))
368((11,31)(24,14)(12,28)(28,12)(31,11)(19,18))
297((13,23)(15,20)(20,15)(14,21)(21,14))
198((14,28)(18,22)(19,21)(13,31))
390((16,22)(23,15)(12,29)(13,27)(27,13)(25,14))
224((16,24)(28,14)(19,21))
351((11,12)(7,19)(19,7)(15,9)(13,10)(8,17)(17,8))
228((12,22)(10,27)(27,10)(17,16)(11,24)(15,18))
2((6,7)(5,9)(9,5)(7,6))
30((12,20)(24,10)(13,19)(19,13)(14,18)(18,14)(11,22)(22,11))
16((18,22)(21,19)(12,33)(16,25))
193((15,26)(26,15)(12,32)(32,12)(17,23)(23,17)(16,24)(24,16))
V
H
373((9,20)(13,14)(14,13)(10,18)(12,15))
V
184((10,31)(22,14)(13,24)(24,13)(31,10))
321((12,33)(11,36)(18,22)(22,18)(33,12))
181((11,15)(8,21)(21,8)(17,10)(12,14)(14,12))
V
279((7,16)(8,14)(14,8))
324((11,34)(18,21)(19,20)(29,13)(16,24)(24,16))
305((6,7)(5,9)(9,5)(7,6))
269((11,21)(14,16)(12,19)(17,13))
V
142((4,8)(8,4)(6,5))
V
178((10,27)(27,10)(11,25)(25,11)(17,16)(18,15))
374((6,10)(5,11)(7,8)(8,7)(11,5))
217((12,13)(8,19)(19,8)(13,12))
V
187((12,14)(8,20)(20,8)(15,11))
109((4,6)(6,4))
V
448((15,23)(17,20)(18,19)(19,18))
126((8,15)(15,8)(7,17))
91((13,27)(16,22)(22,16)(27,13)(31,11)(25,14))
64((13,22)(16,18)(12,24)(24,12)(11,26)(15,19)(19,15))
266((8,16)(7,19)(19,7)(13,10)(9,15)(15,9)(12,11))
H
56((11,26)(26,11)(21,14)(24,12)(10,29))
267((13,24)(21,15)(14,23)(23,14))
265((8,9)(9,8))
V
383((7,11)(6,12)(8,9)(9,8))
447((16,23)(23,16)(20,18)(12,30))
H
H
V
147((7,14)(6,16)(8,12)(12,8)(9,11))
3((13,18)(14,17)(17,14)(16,15))
425((16,17)(17,16)(10,27)(14,19)(19,14))
458((14,19)(11,24)(12,22)(13,20)(20,13)(17,16)(22,12))
V
215((12,16)(8,23)(15,13)(13,15)(11,17))
430((14,27)(13,29)(24,16)(25,15)(20,19))
428((7,9)(6,10)(12,5)(9,7))
V
202((13,26)(12,29)(29,12)(25,14)(26,13)(23,15))
114((12,33)(25,16)(14,29)(22,18))
14((7,17)(17,7)(8,15)(15,8)(10,12))
404((9,22)(8,24)(13,15)(15,13)(18,11))
H
186((11,30)(24,14)(15,22)(22,15)(13,26)(26,13))
481((6,15)(7,13)(10,9)(15,6)(13,7))
H
272((8,19)(12,13)(13,12)(9,17)(17,9))
302((8,13)(13,8)(15,7))
H
28((16,17)(14,19)(19,14)(15,18)(18,15)(10,27)(27,10))
V
V
320((13,24)(10,31)(11,28)(28,11)(17,18)(14,22)(22,14))
406((10,19)(9,21)(21,9))
V
176((17,21)(13,28)(28,13)(18,20)(20,18)(26,14)(14,26)(23,16))
H
150((8,23)(17,11)(12,16)(21,9)(16,12)(11,17))
V
248((10,11)(9,13)(13,9)(7,16))
157((12,15)(8,23)(13,14)(14,13)(18,10))
158((10,31)(19,17)(20,16))
291((14,24)(26,13)(15,22))
H
H
389((4,8)(8,4)(7,5))
426((12,18)(13,17)(11,20)(20,11))
113((15,22)(16,20)(20,16)(17,19)(19,17))
129((15,21)(12,26)(26,12))
363((4,6)(6,4))
201((6,8)(8,6)(9,5)(5,9))
453((10,15)(16,9)(8,18)(11,14))
240((8,9)(6,11)(11,6)(7,10)(10,7))
1((10,20)(12,17)(17,12)(8,25)(25,8))
69((16,23)(11,33)(33,11)(13,28)(23,16))
292((5,6)(6,5))
V
V
499((12,30)(24,15)(18,20))
V
210((14,23)(30,11)(22,15)(23,14)(15,22))
10((10,15)(8,18)(18,8))
H
151((10,23)(9,26)(26,9)(12,19)(16,15))
V
V
V
9((10,22)(11,20)(20,11)(9,25)(14,16)(16,14))
286((5,7)(4,9)(9,4))
140((12,16)(13,15)(16,12)(10,19)(11,17)(17,11))
249((11,20)(18,12)(13,17)(17,13))
H
149((15,27)(12,34)(31,13)(27,15))
V
116((13,17)(12,18)(18,12)(16,14)(14,16)(11,20)(22,10))
230((10,28)(14,20)(20,14)(13,21)(21,13))
234((11,23)(14,18)(18,14)(10,25)(25,10))
119((12,15)(19,9)(9,19)(8,22)(22,8)(10,17)(17,10))
H
H
357((8,17)(15,9)(7,19)(13,11))
233((13,26)(15,23)(23,15)(21,16)(26,13)(24,14))
418((11,16)(16,11)(10,18)(18,10))
465((15,18)(13,20)(18,15)(20,13))
350((6,7)(5,8))
V
105((5,9)(9,5)(6,8))
H
301((9,10)(6,15))
H
290((12,27)(13,25)(15,22)(11,29)(29,11)(27,12))
474((12,25)(11,28)(13,24)(20,15)(19,16)(16,19))
H
318((11,24)(16,17)(18,15)(19,14)(14,19)(17,16))
4((10,21)(13,16)(11,19)(19,11))
378((6,13)(10,8)(12,7)(7,12))
106((12,20)(9,26)(18,13)(26,9))
V
347((12,24)(11,26)(15,19)(16,18))
332((9,10)(8,11)(11,8)(12,7)(10,9))
218((14,26)(15,24)(24,15)(11,32)(32,11)(18,20)(17,21)(21,17))
V
409((14,17)(11,22)(22,11)(12,20)(20,12))
477((5,9)(9,5)(6,7)(7,6))
V
H
111((9,19)(16,11)(10,17))
475((12,28)(22,15)(14,24)(24,14)(13,26)(19,18))
214((3,4))
167((7,16)(16,7)(8,14)(10,11)(11,10))
V
V
333((4,9)(9,4)(7,5))
37((9,22)(15,13)(11,18)(18,11)(22,9)(12,16)(16,12))
410((4,5)(5,4))
H
V
338((16,19)(30,10)(17,18))
377((16,17)(12,22)(15,18)(11,24)(24,11)(13,20)(20,13)(14,19)(19,14))
225((6,8)(10,5)(5,10)(8,6))
85((14,17)(23,10)(26,9)(11,21)(21,11)(13,18))
V
270((13,25)(19,17)(25,13)(14,24)(24,14))
43((14,23)(13,25)(25,13)(23,14)(27,12)(20,16))
V
V
219((16,17)(17,16)(14,19))
300((12,27)(14,23)(17,19)(19,17)(13,25)(25,13))
V
327((11,32)(14,25)(25,14)(32,11)(13,27)(20,18))
22((14,26)(13,28)(12,30)(30,12)(26,14))
391((4,8)(5,6)(6,5))
31((11,15)(18,9)(15,11)(10,16)(16,10))
314((11,15)(12,14)(14,12)(8,20)(15,11))
194((15,26)(30,13)(19,20)(24,16)(12,32)(13,30))
H
H
V
H
203((18,18)(24,14)(10,33)(33,10)(20,17)(27,12))
345((10,11)(12,9)(8,14)(14,8)(16,7))
154((16,24)(21,19)(12,32)(32,12)(15,26))
282((12,27)(10,32)(32,10)(17,19)(19,17)(16,20)(20,16))
V
H
H
40((15,19)(11,26))
79((8,14)(16,7)(9,12)(7,16)(14,8))
436((9,16)(21,7)(10,15)(16,9)(7,21))
68((10,13)(9,14)(13,10)(14,9)(18,7))
V
485((17,19)(13,25)(25,13)(11,30)(30,11)(21,16)(14,23)(23,14))
V
V
V
V
442((11,24)(22,12)(14,19)(17,16)(13,20)(20,13)(19,14))
H
V
H
H
207((19,21)(18,22)(22,18)(17,23)(23,17)(15,26)(26,15)(16,24)(24,16))
V
364((8,18)(11,13)(13,11)(10,14))
422((12,17)(11,19)(14,15)(10,21)(21,10))
399((13,17)(9,25)(25,9))
462((17,21)(27,13)(12,29)(19,18)(22,16))
274((7,16)(11,10)(10,11)(16,7))
H
471((4,5)(5,4))
153((13,14)(22,8)(15,12)(10,18)(18,10)(14,13))
35((10,25)(13,19)(14,18)(25,10)(15,17)(17,15))
H
382((11,15)(8,20)(20,8)(15,11)(10,16)(16,10))
156((17,17)(27,11)(16,19)(19,16))
H
V
295((16,19)(10,31)(31,10)(21,15))
199((11,31)(26,13)(18,19))
261((12,15)(18,10)(13,14)(14,13))
243((17,22)(22,17)(13,28)(28,13)(19,19))
H
473((13,16)(17,12)(9,23)(23,9)(12,17)(20,10)(11,19))
384((8,21)(12,14)(14,12)(11,15)(15,11)(17,10))
348((14,18)(9,28)(28,9)(20,13)(21,12)(13,20))
H
V
74((8,17)(9,15)(15,9))
470((9,14)(11,12)(16,8)(10,13))
V
V
20((16,19)(15,20)(14,21)(13,23)(20,15))
434((11,12)(8,16)(16,8)(10,13)(12,11))
371((16,23)(14,26)(17,22)(23,16))
435((10,28)(11,25)(25,11)(15,19)(17,16))
H
H
163((12,15)(13,13)(15,12))
385((16,20)(23,14)(15,21)(21,15))
159((14,16)(20,11)(17,13)(9,24)(24,9))
H
V
169((4,5)(5,4))
197((12,19)(23,10)(11,21)(21,11)(15,16)(16,15)(19,12))
283((8,22)(18,10)(15,12)(20,9)(9,20)(11,16)(16,11))
V
53((17,20)(23,15)(15,23)(18,19)(19,18)(25,14))
127((9,25)(25,9)(11,20)(22,10)(12,19))
V
27((10,19)(8,24)(24,8)(13,15)(15,13)(21,9)(9,21))
H
V
V
110((13,21)(12,23)(18,15)(14,19)(19,14)(21,13))
H
416((10,20)(9,22)(22,9)(25,8)(11,18)(8,25)(14,14))
128((8,20)(12,14)(14,12)(11,15)(18,9)(10,16)(20,8))
H
H
55((13,29)(15,25)(18,21)(11,34)(34,11)(14,27))
337((10,17)(11,15)(15,11)(17,10))
492((7,8)(11,5)(9,6)(6,9)(8,7))
H
433((13,17)(16,14)(14,16)(11,20)(20,11))
323((10,32)(22,15)(23,14)(11,29))
13((7,7)(6,9)(5,10))
359((11,34)(17,22)(22,17))
95((6,7)(5,9)(7,6)(9,5))
V
340((13,26)(16,21)(21,16)(12,28)(28,12)(11,31)(31,11)(14,24)(24,14))
V
V
352((10,11)(9,12)(12,9)(7,15)(8,14))
417((5,9)(9,5)(6,7))
331((15,25)(12,31)(14,27)(16,23))
H
242((15,25)(18,21)(21,18)(22,17)(25,15)(19,20)(20,19))
23((5,11)(9,6)(7,8)(6,9))
V
42((12,13)(13,12)(9,17)(17,9)(15,10)(11,14)(14,11))
46((15,24)(14,26)(18,20))
H
H
H
H
H
H
222((11,35)(27,14)(16,24)(24,16)(13,30))
H
H
455((15,18)(14,19)(12,23)(23,12))
268((9,11)(7,14)(6,16)(16,6))
117((15,26)(14,27)(27,14)(23,17))
335((16,24)(12,32)(32,12)(14,27)(21,18)(23,17)(18,21))
26((14,26)(21,17)(16,23)(23,16)(12,30)(17,21))
244((12,21)(21,12)(20,13)(18,14))
464((11,24)(13,20)(20,13)(19,14)(14,19)(12,22)(22,12))
21((7,13)(9,10)(10,9)(6,15)(15,6))
293((13,21)(25,11)(12,23)(23,12)(11,25))
H
76((16,24)(34,11)(18,21)(21,18)(17,22)(22,17)(24,16))
330((12,31)(31,12)(25,15)(14,27)(20,19))
396((14,23)(15,22)(22,15)(23,14)(17,19))
491((14,16)(20,11)(18,12)(16,14)(13,17)(17,13))
319((12,23)(13,21)(21,13)(15,19)(19,15)(16,18))
V
212((13,15)(8,24)(24,8)(21,9)(11,17)(17,11))
V
131((7,20)(8,17)(17,8)(14,10))
24((15,19)(13,21)(21,13)(25,11)(10,28)(12,23))
V
173((16,22)(18,20)(20,18)(22,16)(13,27)(27,13)(15,24))
H
H
161((6,14)(7,12)(8,10)(10,8)(12,7))
413((12,31)(18,21)(21,18)(11,34)(34,11)(15,25)(13,28))
456((17,23)(12,32)(32,12)(16,24)(24,16)(15,26))
461((14,23)(22,15)(25,13)(23,14)(17,19))
278((7,13)(6,15)(15,6))
V
H
V
226((5,13)(6,11)(11,6))
H
H
229((17,22)(18,21)(21,18)(15,25)(25,15)(22,17)(12,31)(31,12))
5((10,12)(12,10))
438((11,17)(10,18)(18,10)(14,13))
V
401((11,14)(12,12)(14,11))
V
V
88((12,16)(10,19)(15,13)(8,24)(13,15))
H
V
H
457((11,13)(13,11)(18,8)(7,20)(20,7)(9,16)(14,10))
285((10,11)(9,12)(12,9)(7,16)(16,7)(14,8))
H
486((12,18)(9,24)(24,9)(20,11)(18,12))
343((6,10)(5,12)(12,5)(7,9))
38((12,23)(10,27)(27,10)(13,21))
386((8,14)(9,13)(13,9))
H
164((16,21)(12,28)(28,12)(24,14)(20,17))
134((18,23)(19,22))
200((7,14)(17,6)(9,11)(11,9)(6,17)(8,13)(13,8))
H
370((8,14)(14,8)(7,16)(16,7)(10,11)(11,10)(9,13)(13,9))
495((12,18)(9,23)(21,10)(13,16)(16,13)(10,21))
309((17,18)(31,10)(14,22)(11,28)(20,16))
V
H
81((11,20)(24,9)(20,11)(14,16)(16,14)(13,17))
441((15,20)(10,30)(30,10)(12,25)(25,12))
179((11,18)(14,15)(15,14)(9,22)(13,16))
H
H
437((9,22)(11,18)(10,20)(20,10)(22,9))
195((15,21)(14,22)(22,14)(21,15)(12,26)(26,12))
443((5,7)(7,5)(4,9)(9,4))
415((13,25)(16,21)(21,16))
424((6,9)(8,7)(7,8))
412((15,26)(17,23)(23,17)(12,32)(32,12)(26,15)(11,35)(35,11))
H
H
209((8,13)(12,9)(7,15))
V
H
336((14,24)(15,23)(23,15)(16,21)(21,16)(19,18))
366((11,14)(9,17)(20,8)(8,20))
379((10,17)(19,9)(12,14)(14,12)(17,10))
V
83((3,5)(5,3))
402((14,25)(29,12)(15,23)(23,15)(16,22)(22,16))
175((17,20)(23,15)(11,31)(31,11)(16,21)(21,16))
V
H
V
466((18,19)(15,23)(23,15)(17,21)(14,25)(13,27))
H
211((8,21)(9,19))
58((13,14)(9,20)(15,12)(10,18))
V
H
V
H
72((15,26)(33,12)(12,33)(14,28)(28,14))
H
484((11,21)(17,14)(24,10)(13,18)(18,13))
V
232((16,22)(12,29)(26,13)(29,12))
H
V
264((11,30)(13,25)(25,13)(21,16))
H
253((15,27)(13,31)(31,13)(27,15)(29,14))
V
397((9,19)(12,15)(15,12)(8,22)(10,18))
227((13,25)(15,22)(22,15)(29,11))
80((11,15)(9,18)(18,9)(15,11))
V
V
V
H
395((7,13)(13,7)(10,9))
V
344((12,26)(14,22)(11,28)(28,11)(22,14)(26,12))
V
V
482((9,15)(10,14)(7,19)(19,7)(12,11)(8,17)(17,8)(11,12))
102((7,11)(10,8)(13,6))
V
H
V
239((4,8)(5,7)(7,5)(8,4))
104((5,9)(6,8)(8,6))
H
V
276((8,18)(18,8)(10,14))
277((17,21)(12,30)(30,12)(11,33)(13,28)(28,13)(15,24))
36((12,26)(22,14)(16,19)(15,21)(21,15)(13,24)(24,13))
17((8,13)(6,17)(15,7)(9,11)(7,15)(17,6))
V
H
H
162((15,17)(25,10)(19,13)(27,9)(18,14))
V
V
34((11,14)(17,9)(9,17)(14,11))
H
256((10,32)(13,24)(19,17)(12,26)(26,12)(21,15))
H
H
V
308((16,18)(11,26)(15,19))
H
460((15,20)(13,23)(23,13)(12,25)(25,12)(19,16))
H
33((14,27)(27,14)(17,22)(22,17))
H
361((14,15)(11,19)(19,11)(12,17))
H
H
133((15,22)(11,29)(13,25)(12,27)(27,12))
177((6,14)(12,7)(14,6))
H
H
168((13,17)(14,16)(16,14)(10,22)(22,10)(17,13))
H
H
204((14,16)(9,24)(17,13))
V
47((7,13)(10,9)(6,15)(15,6)(9,10))
H
V
H
394((14,25)(29,12)(18,19)(19,18)(27,13)(17,20))
H
419((14,15)(19,11)(11,19)(9,23))
H
H
287((5,6)(7,4))
H
V
375((13,30)(30,13)(14,28)(28,14))
260((10,23)(13,17)(17,13)(25,9)(11,21))
V
H
500((7,17)(9,13)(8,15)(15,8)(17,7))
353((8,14)(10,12)(12,10)(14,8))
12((15,19)(16,18)(18,16)(22,13)(14,20)(20,14))
V
H
H
65((7,15)(8,13)(15,7)(11,10)(9,12)(12,9))
H
V
346((14,17)(20,12)(15,16))
V
V
H
29((10,25)(13,20)(25,10)(23,11)(15,17))
H
123((14,25)(11,31)(31,11)(17,20))
208((6,8)(9,5)(5,9)(8,6))
H
V
H
H
87((17,24)(29,14)(24,17))
V
146((5,7)(4,8)(8,4)(7,5))
494((13,25)(25,13)(20,17)(17,20)(18,19)(19,18))
H
107((6,15)(12,8)(15,6))
170((11,35)(16,24)(19,21)(13,30)(30,13))
188((11,29)(17,19)(19,17)(13,24)(10,31))
365((12,21)(21,12)(27,9)(13,19))
H
V
V
49((11,14)(12,13)(13,12)(17,9)(19,8))
V
V
H
52((9,16))
405((10,13)(8,16)(16,8)(14,9))
V
206((12,21)(18,14)(14,18)(21,12)(13,20))
356((12,22)(20,13)(15,18)(18,15)(13,20))
432((12,25)(16,19)(19,16)(22,14)(10,30))
392((10,27)(12,23)(23,12)(16,17)(27,10))
H
V
H
136((11,32)(18,20)(20,18)(13,27)(16,22)(15,24))
V
407((13,31)(14,29)(31,13))
H
498((15,16)(9,26)(26,9)(11,21)(18,13)(16,15))
138((10,30)(17,18)(15,20)(11,27)(13,23)(23,13)(27,11))
H
V
V
493((9,13)(12,10)(8,15)(7,17)(17,7))
130((14,20)(16,18)(11,25)(25,11)(13,22)(15,19))
362((11,16)(16,11)(10,17)(8,21)(21,8))
V
H
V
H
V
98((15,22)(19,18)(30,11)(28,12)(14,24)(24,14)(12,28))
V
103((7,9)(9,7)(11,6)(6,11))
H
V
231((11,13)(8,17))
329((7,15)(15,7)(11,10))
V
90((11,16)(16,11)(12,14)(19,9))
V
H
94((12,33)(16,25)(25,16)(22,18))
307((7,9)(9,7)(6,11))
V
H
H
328((6,13)(7,11)(11,7))
H
V
V
H
V
V
H
V
V
316((8,15)(15,8)(10,12)(12,10)(9,13)(17,7))
V
349((9,18)(14,12)(20,8)(8,20)(11,15))
H
376((10,11)(7,16)(11,10)(16,7)(9,12)(12,9))
H
141((11,31)(18,19)(25,14)(31,11))
V
V
341((6,11)(7,10))
V
H
V
V
H
367((9,10)(7,13)(13,7)(6,15)(8,11)(11,8))
V
78((14,25)(15,24)(13,27)(18,20)(11,32)(17,21)(21,17))
V
73((14,25)(22,16)(32,11)(11,32)(16,22)(18,20)(20,18))
449((10,31)(28,11)(17,18)(31,10))
V
89((10,11)(15,7)(8,13)(13,8))
V
411((13,15)(8,24)(15,13)(24,8))
135((7,10)(12,6))
V
189((12,21)(28,9)(20,13)(21,12)(15,17))
H
77((9,12)(10,11)(11,10)(7,15)(8,13)(15,7))
H
V
273((12,15)(13,14)(11,16)(16,11)(10,18)(18,10)(9,19))
452((15,20)(12,25)(17,17))
H
190((12,19)(13,18)(18,13)(9,25)(25,9))
V
H
174((15,24)(12,30)(26,14))
V
220((18,20)(22,16)(28,13)(17,21)(13,28))
V
H
289((15,26)(11,35)(17,23)(23,17)(12,32)(32,12))
143((6,7)(5,8)(7,6))
420((10,30)(20,15)(30,10)(19,16)(22,14)(15,20))
408((12,28)(18,19)(19,18)(28,12)(30,11)(11,30)(17,20))
V
H
121((17,23)(22,18)(14,28)(18,22))
66((17,18)(21,15)(18,17)(11,28)(28,11))
H
281((19,21)(12,34)(34,12)(14,29)(15,27)(27,15))
V
124((11,35)(12,32)(17,23)(23,17)(19,21)(21,19))
137((11,25)(10,27)(27,10)(13,21)(14,19)(12,23)(23,12))
252((10,17)(9,19)(14,12)(12,14)(19,9))
39((8,14)(10,11)(7,16)(11,10)(16,7))
V
V
H
V
93((16,24)(18,22)(22,18)(11,35)(15,26)(17,23))
H
V
H
H
V
V
V
15((10,25)(12,21)(21,12)(14,18)(18,14))
250((11,17)(10,19)(19,10)(17,11))
H
183((19,20)(11,34)(20,19)(13,29)(29,13)(22,17))
472((14,25)(22,16)(15,23)(23,15))
V
450((4,5)(5,4))
H
403((5,6)(8,4)(4,8))
451((12,22)(13,21)(10,27)(27,10)(22,12))
245((13,29)(19,20)(20,19)(11,34)(34,11)(12,31)(31,12)(15,25)(23,16))
H
236((13,19)(14,18)(18,14))
469((4,5)(5,4))
V
H
92((9,20)(20,9)(8,22)(22,8)(10,18)(18,10))
H
V
H
V
V
V
V
H
414((5,8)(8,5)(6,7))
246((8,11)(9,9)(6,14))
476((12,34)(11,37)(37,11)(29,14)(17,24)(24,17))
V
V
166((6,9)(9,6)(5,10)(10,5))
355((10,11)(11,10)(7,16)(16,7)(14,8))
V
H
288((8,11)(11,8)(6,14)(12,7))
H
H
H
H
H
V
V
H
H
V
H
263((10,19)(16,12)(21,9))
V
V
V
H
V
H
51((13,21)(19,14)(10,27)(21,13))
V
V
84((9,10)(6,15)(10,9)(11,8))
11((3,5)(5,3))
V
H
H
H
H
V
V
V
H
H
V
V
50((4,6)(6,4))
V
480((15,19)(11,25)(25,11)(13,21)(21,13)(10,28)(28,10))
V
99((18,19)(21,17)(29,12))
V
V
V
H
71((12,14)(9,18)(14,12)(18,9))
160((16,18)(26,11)(13,22)(10,28)(28,10)(19,15))
H
H
298((12,19)(14,16)(9,25)(25,9))
155((5,7)(4,9)(9,4))
489((11,25)(25,11)(16,17)(17,16))
7((9,25)(19,12)(12,19)(11,21)(21,11)(10,23)(23,10))
H
296((15,17)(21,12))
483((13,19)(11,23)(23,11)(9,28)(28,9)(15,17))
48((13,25)(12,27)(25,13)(16,20))
H
H
H
97((14,26)(17,21)(15,24)(20,18))
V
H
V
459((5,10)(6,9)(10,5)(9,6))
V
V
V
388((13,31)(11,37)(37,11)(19,21)(15,27)(27,15))
V
299((7,18)(10,12)(18,7))
431((11,36)(14,28)(28,14)(13,31)(18,22))
H
223((4,6)(6,4))
V
262((10,11)(9,12)(12,9)(8,14)(14,8))
H
H
322((9,13)(17,7)(13,9)(7,17)(12,10))
H
H
H
H
304((15,20)(23,13)(11,27)(12,25)(14,21)(13,23))
V
H
V
339((9,12)(10,10)(6,17)(7,15)(15,7)(17,6))
H
H
32((9,15)(20,7)(7,20)(15,9))
60((15,21)(10,32)(32,10)(16,20)(20,16)(14,23)(21,15)(23,14))
H
H
H
152((5,6)(6,5)(4,8)(8,4))
V
H
H
H
V
V
440((4,7)(7,4)(5,6)(6,5))
H
H
H
V
H
446((15,18)(16,17)(11,24)(24,11)(14,19)(19,14))
H
171((8,14)(7,15)(10,11)(11,10))
V
V
445((8,19)(9,17)(17,9)(12,13)(11,14)(14,11))
H
H
V
H
H
V
V
V
H
H
H
275((9,27)(27,9)(10,24)(20,12)(13,19)(19,13))
254((5,10)(8,6)(10,5))
V
V
V
V
H
H
V
V
H
H
H
V
61((10,20)(8,25)(13,16)(11,18)(18,11))
V
313((7,14)(16,6)(14,7)(6,16))
V
V
H
H
V
V
8((15,20)(20,15)(18,16)(10,29)(29,10))
488((12,14)(10,17)(17,10)(9,19))
487((11,31)(23,15)(13,26)(26,13)(15,23)(19,18))
H
255((10,16)(19,8)(12,13)(13,12)(8,19))
V
V
H
V
V
V
V
H
V
70((11,29)(26,12)(13,24)(14,23)(19,17))
V
V
V
V
V
H
H
V
H
V
V
V
V
V
108((3,5)(5,3))
H
V
196((16,22)(22,16)(18,20)(20,18)(14,25)(25,14)(15,24))
185((10,14)(15,9)(11,13)(14,10))
V
H
H
H
V
V
H
H
H
H
V
380((9,13)(17,7)(13,9)(8,15))
96((14,27)(27,14)(20,19)(13,29))
V
V
H
H
H
H
H
144((6,15)(15,6)(13,7)(8,11))
V
H
H
V
V
V
496((14,27)(19,20)(20,19))
V
132((11,27)(25,12)(15,20)(20,15)(12,25))
25((11,12)(7,19)(19,7)(10,14)(14,10)(15,9))
V
H
H
H
H
V
V
V
H
H
V
H
310((14,23)(19,17)(27,12))
101((7,14)(11,9)(12,8)(8,12))
V
V
V
V
H
V
V
V
H
H
H
H
358((8,11)(7,13)(13,7)(15,6)(9,10))
H
H
H
V
H
H
V
V
311((15,26)(12,33)(33,12)(28,14)(11,36))
H
V
V
