260(1.4000000000e-14)
265(2.2000000000e-14)
(2.1500000000e+05 2.1500000000e+05)
4(2.2000000000e-14)
40(1.4000000000e-14)
(1.8000000000e+05 1.8000000000e+05)
25(1.9000000000e-14)
(1.2373740000e+05 4.2626260000e+05)
(3.1170250000e+05 1.3703490000e+05)
27(1.6000000000e-14)
28(1.0000000000e-14)
(1.3500000000e+05 1.3500000000e+05)
33(1.1000000000e-14)
38(2.4000000000e-14)
(1.3500000000e+05 1.3500000000e+05)
26(2.5000000000e-14)
(1.2373840000e+05 3.8126160000e+05)
(1.9132720000e+05 4.4934370000e+04)
(3.8161570000e+05 4.4800900000e+05)
262(3.0000000000e-15)
57(2.8000000000e-14)
(1.8000000000e+05 1.8000000000e+05)
58(1.9000000000e-14)
54(2.1000000000e-14)
(1.8000000000e+05 1.8000000000e+05)
(2.1500000000e+05 2.1500000000e+05)
56(3.0000000000e-14)
47(2.1000000000e-14)
(1.6500000000e+05 1.6500000000e+05)
46(6.0000000000e-15)
48(2.0000000000e-14)
(1.2500000000e+05 1.2500000000e+05)
(1.9483610000e+05 2.1516390000e+05)
41(2.0000000000e-14)
52(2.7000000000e-14)
(1.1500000000e+05 1.1500000000e+05)
(5.4858220000e+04 3.2997790000e+05)
31(2.3000000000e-14)
32(7.0000000000e-15)
(1.0000000000e+05 1.0000000000e+05)
(1.1970930000e+05 6.9526860000e+05)
(5.0664150000e+05 1.4362720000e+05)
268(2.5000000000e-14)
29(1.3000000000e-14)
(1.3500000000e+05 1.3500000000e+05)
257(1.5000000000e-14)
259(2.8000000000e-14)
(1.2500000000e+05 1.2500000000e+05)
258(1.6000000000e-14)
(1.0361810000e+05 3.3138190000e+05)
(3.1166740000e+05 1.4195070000e+05)
53(2.4000000000e-14)
55(2.9000000000e-14)
(1.2500000000e+05 1.2500000000e+05)
261(2.4000000000e-14)
3(6.0000000000e-15)
(1.2500000000e+05 1.2500000000e+05)
30(1.1000000000e-14)
(1.3045010000e+05 3.8454990000e+05)
(1.8998160000e+05 3.9568290000e+04)
(2.3867260000e+05 2.8967830000e+05)
269(1.4000000000e-14)
266(2.6000000000e-14)
(1.7500000000e+05 1.7500000000e+05)
267(2.3000000000e-14)
264(3.0000000000e-14)
(2.1500000000e+05 2.1500000000e+05)
(6.5044020000e+04 4.4955980000e+04)
263(1.0000000000e-14)
(4.7382140000e+04 4.9257380000e+05)
(1.1917420000e+05 5.2882780000e+05)
(4.5464220000e+05 3.3083330000e+05)
(1.1829310000e+06 2.4168010000e+05)
39(3.0000000000e-14)
166(9.0000000000e-15)
(1.7500000000e+05 1.7500000000e+05)
172(3.1000000000e-14)
157(2.3000000000e-14)
158(9.0000000000e-15)
(2.3500000000e+05 2.3500000000e+05)
(2.3500000000e+05 0.0000000000e+00)
(2.6407650000e+05 1.5592350000e+05)
159(2.7000000000e-14)
171(1.0000000000e-14)
(1.8000000000e+05 1.8000000000e+05)
164(2.8000000000e-14)
167(2.4000000000e-14)
(1.4500000000e+05 1.4500000000e+05)
5(2.8000000000e-14)
168(3.1000000000e-14)
(1.4500000000e+05 1.4500000000e+05)
(1.8000000000e+05 1.8000000000e+05)
(4.2373820000e+05 1.3126180000e+05)
169(1.1000000000e-14)
170(1.6000000000e-14)
(1.4500000000e+05 1.4500000000e+05)
165(2.5000000000e-14)
160(3.2000000000e-14)
(2.9000000000e+05 2.9000000000e+05)
(1.6913320000e+05 9.5866820000e+04)
(1.7676810000e+05 4.0110330000e+05)
(5.9087370000e+05 1.5701990000e+05)
163(2.0000000000e-14)
208(1.7000000000e-14)
(1.2500000000e+05 1.2500000000e+05)
17(1.2000000000e-14)
173(3.0000000000e-15)
(1.2500000000e+05 1.2500000000e+05)
(1.8000000000e+05 1.8000000000e+05)
18(1.3000000000e-14)
224(2.6000000000e-14)
(1.2500000000e+05 1.2500000000e+05)
6(2.5000000000e-14)
(1.2038370000e+05 3.6461630000e+05)
(2.7915710000e+05 4.1045920000e+05)
14(9.0000000000e-15)
13(1.8000000000e-14)
(1.2500000000e+05 1.2500000000e+05)
19(2.9000000000e-14)
20(1.8000000000e-14)
(1.2500000000e+05 1.2500000000e+05)
72(2.9000000000e-14)
(1.0697010000e+05 3.3802990000e+05)
(3.2307660000e+05 1.4389350000e+05)
10(2.3000000000e-14)
12(8.0000000000e-15)
(1.3500000000e+05 1.3500000000e+05)
9(2.7000000000e-14)
11(3.0000000000e-14)
(1.3500000000e+05 1.3500000000e+05)
(1.8000000000e+05 1.8000000000e+05)
(2.1664540000e+05 3.4027800000e+05)
(4.6599550000e+05 3.3456930000e+05)
(8.2802930000e+05 7.0217310000e+05)
73(5.0000000000e-15)
61(3.0000000000e-15)
(1.5500000000e+05 1.5500000000e+05)
71(2.9000000000e-14)
(6.6785250000e+04 2.8821480000e+05)
92(2.6000000000e-14)
60(1.0000000000e-14)
(1.5500000000e+05 1.5500000000e+05)
(1.4398500000e+05 2.8280030000e+05)
68(2.3000000000e-14)
62(3.0000000000e-15)
(1.2500000000e+05 1.2500000000e+05)
66(5.0000000000e-15)
94(1.5000000000e-14)
(1.2500000000e+05 1.2500000000e+05)
(1.8000000000e+05 1.8000000000e+05)
(2.6198350000e+05 3.8724630000e+05)
104(2.8000000000e-14)
15(3.0000000000e-15)
24(2.4000000000e-14)
(1.4500000000e+05 1.4500000000e+05)
(3.8461670000e+05 1.2038330000e+05)
70(1.1000000000e-14)
21(2.5000000000e-14)
(1.8000000000e+05 1.8000000000e+05)
192(2.3000000000e-14)
(1.2038260000e+05 4.1961740000e+05)
(1.9314180000e+05 1.8109230000e+05)
156(2.9000000000e-14)
105(9.0000000000e-15)
(1.1500000000e+05 1.1500000000e+05)
64(3.2000000000e-14)
99(3.0000000000e-14)
(1.1500000000e+05 1.1500000000e+05)
101(2.0000000000e-14)
(1.0361830000e+05 3.2138170000e+05)
(2.2370750000e+05 7.9910790000e+04)
65(2.6000000000e-14)
98(2.2000000000e-14)
(1.8000000000e+05 1.8000000000e+05)
97(2.7000000000e-14)
(2.3347870000e+04 2.2665210000e+05)
(1.2498780000e+05 3.1965260000e+05)
(4.3644500000e+05 3.0133460000e+05)
(7.8287100000e+05 3.9173600000e+05)
(4.0930670000e+05 8.5730650000e+05)
133(1.1000000000e-14)
149(1.9000000000e-14)
(1.2500000000e+05 1.2500000000e+05)
148(1.2000000000e-14)
(1.0697010000e+05 3.3802990000e+05)
151(8.0000000000e-15)
155(9.0000000000e-15)
(1.3500000000e+05 1.3500000000e+05)
131(1.7000000000e-14)
117(3.2000000000e-14)
(1.3500000000e+05 1.3500000000e+05)
(1.8000000000e+05 1.8000000000e+05)
(3.9504170000e+05 2.5798830000e+05)
69(7.0000000000e-15)
103(2.0000000000e-14)
(1.6500000000e+05 1.6500000000e+05)
95(3.0000000000e-15)
102(3.0000000000e-15)
(1.6500000000e+05 1.6500000000e+05)
(1.8000000000e+05 1.8000000000e+05)
16(1.3000000000e-14)
23(1.0000000000e-14)
(1.6500000000e+05 1.6500000000e+05)
22(2.4000000000e-14)
8(1.3000000000e-14)
(1.6500000000e+05 1.6500000000e+05)
(1.8000000000e+05 1.8000000000e+05)
(3.6000000000e+05 3.6000000000e+05)
150(1.2000000000e-14)
153(6.0000000000e-15)
(1.3500000000e+05 1.3500000000e+05)
152(9.0000000000e-15)
7(1.2000000000e-14)
(1.3500000000e+05 1.3500000000e+05)
154(2.7000000000e-14)
(1.2038350000e+05 3.7461650000e+05)
(3.3652040000e+05 1.4386320000e+05)
(1.1362010000e+05 4.1290020000e+05)
(9.4364370000e+05 4.0466460000e+05)
255(1.8000000000e-14)
113(5.0000000000e-15)
114(1.8000000000e-14)
(1.4500000000e+05 1.4500000000e+05)
(3.0482930000e+05 8.0170730000e+04)
107(1.4000000000e-14)
112(1.2000000000e-14)
(1.2500000000e+05 1.2500000000e+05)
(2.1176350000e+05 4.0806580000e+05)
115(1.8000000000e-14)
116(1.1000000000e-14)
(1.4500000000e+05 1.4500000000e+05)
256(2.9000000000e-14)
241(1.1000000000e-14)
(1.4500000000e+05 1.4500000000e+05)
(1.8000000000e+05 1.8000000000e+05)
162(3.1000000000e-14)
176(2.4000000000e-14)
(1.6500000000e+05 1.6500000000e+05)
161(1.9000000000e-14)
(5.3409240000e+04 2.7159080000e+05)
(3.2568800000e+05 5.1090280000e+05)
(7.4702400000e+05 4.1059820000e+05)
(3.9005550000e+05 9.3537360000e+05)
(5.6634060000e+05 1.3535700000e+06)
(2.4927320000e+06 5.5235680000e+05)
132(1.7000000000e-14)
147(3.0000000000e-15)
(1.2500000000e+05 1.2500000000e+05)
108(2.5000000000e-14)
109(2.4000000000e-14)
(1.2500000000e+05 1.2500000000e+05)
(1.8000000000e+05 1.8000000000e+05)
34(1.7000000000e-14)
254(2.4000000000e-14)
(1.2500000000e+05 1.2500000000e+05)
206(2.8000000000e-14)
223(5.0000000000e-15)
(1.2500000000e+05 1.2500000000e+05)
(1.8000000000e+05 1.8000000000e+05)
110(2.4000000000e-14)
111(2.9000000000e-14)
(1.2500000000e+05 1.2500000000e+05)
(1.2019160000e+05 4.1980840000e+05)
(6.2390790000e+05 3.3590050000e+05)
35(1.5000000000e-14)
36(3.1000000000e-14)
(1.7500000000e+05 1.7500000000e+05)
37(2.0000000000e-14)
(4.0042700000e+04 2.5495730000e+05)
129(2.6000000000e-14)
130(1.1000000000e-14)
(1.7500000000e+05 1.7500000000e+05)
145(2.4000000000e-14)
128(3.0000000000e-15)
(1.8500000000e+05 1.8500000000e+05)
(1.0252000000e+05 9.7480000000e+04)
146(2.1000000000e-14)
(5.2202960000e+04 5.8531700000e+05)
(3.7329140000e+05 1.5698300000e+05)
(3.0125030000e+05 5.7599170000e+05)
222(1.8000000000e-14)
221(1.8000000000e-14)
(1.7500000000e+05 1.7500000000e+05)
207(2.3000000000e-14)
205(4.0000000000e-15)
(1.4500000000e+05 1.4500000000e+05)
226(3.0000000000e-14)
(1.1702900000e+05 3.7797100000e+05)
(1.6257680000e+05 4.0394110000e+04)
189(3.0000000000e-15)
188(1.9000000000e-14)
(1.7500000000e+05 1.7500000000e+05)
245(8.0000000000e-15)
(4.0042700000e+04 2.5495730000e+05)
(2.7055690000e+05 5.3206270000e+05)
246(3.0000000000e-14)
247(2.7000000000e-14)
(1.2500000000e+05 1.2500000000e+05)
190(7.0000000000e-15)
191(2.1000000000e-14)
(1.2500000000e+05 1.2500000000e+05)
(1.8000000000e+05 1.8000000000e+05)
(1.4098330000e+05 6.2509480000e+05)
220(1.4000000000e-14)
228(2.1000000000e-14)
(1.1500000000e+05 1.1500000000e+05)
204(2.1000000000e-14)
219(6.0000000000e-15)
(1.1500000000e+05 1.1500000000e+05)
(1.8000000000e+05 1.8000000000e+05)
(4.4256880000e+04 7.6064830000e+05)
(5.9741610000e+05 8.2677730000e+05)
139(1.3000000000e-14)
142(6.0000000000e-15)
(1.3500000000e+05 1.3500000000e+05)
138(2.8000000000e-14)
123(8.0000000000e-15)
(1.3500000000e+05 1.3500000000e+05)
(1.8000000000e+05 1.8000000000e+05)
137(8.0000000000e-15)
249(1.9000000000e-14)
(1.3500000000e+05 1.3500000000e+05)
248(4.0000000000e-15)
203(2.1000000000e-14)
(2.1500000000e+05 2.1500000000e+05)
(1.3518400000e+05 9.4816010000e+04)
217(1.8000000000e-14)
(1.1345130000e+04 4.4883890000e+05)
136(2.2000000000e-14)
121(1.4000000000e-14)
(1.8000000000e+05 1.8000000000e+05)
122(2.7000000000e-14)
120(1.3000000000e-14)
(1.3500000000e+05 1.3500000000e+05)
(1.8107700000e+05 2.0392300000e+05)
(2.9799000000e+05 3.4977190000e+05)
(6.1395490000e+05 1.1189400000e+05)
227(1.5000000000e-14)
229(1.5000000000e-14)
(1.1500000000e+05 1.1500000000e+05)
140(2.9000000000e-14)
230(3.0000000000e-14)
(1.1500000000e+05 1.1500000000e+05)
225(6.0000000000e-15)
(1.0361830000e+05 3.2138170000e+05)
(3.1971730000e+05 1.4390100000e+05)
141(3.0000000000e-14)
124(2.8000000000e-14)
(1.1500000000e+05 1.1500000000e+05)
125(6.0000000000e-15)
127(1.6000000000e-14)
(1.1500000000e+05 1.1500000000e+05)
(1.8000000000e+05 1.8000000000e+05)
(2.2658100000e+05 3.5370180000e+05)
143(4.0000000000e-15)
242(3.0000000000e-15)
(1.2500000000e+05 1.2500000000e+05)
144(1.1000000000e-14)
126(8.0000000000e-15)
(1.1500000000e+05 1.1500000000e+05)
96(2.1000000000e-14)
(1.2038390000e+05 3.5461610000e+05)
(2.5046160000e+05 8.9922330000e+04)
(3.0075790000e+05 7.9248220000e+05)
(5.0879530000e+05 3.5546120000e+05)
218(2.2000000000e-14)
244(2.7000000000e-14)
(2.3000000000e+05 2.3000000000e+05)
(0.0000000000e+00 4.4359020000e+06)
(3.3231620000e+05 6.3314970000e+05)
43(1.0000000000e-14)
42(2.6000000000e-14)
(1.8000000000e+05 1.8000000000e+05)
44(7.0000000000e-15)
51(1.4000000000e-14)
(1.1500000000e+05 1.1500000000e+05)
59(2.1000000000e-14)
(1.2038390000e+05 3.5461610000e+05)
(1.8826960000e+05 6.7114320000e+04)
83(1.2000000000e-14)
45(1.9000000000e-14)
(1.7500000000e+05 1.7500000000e+05)
81(8.0000000000e-15)
82(1.4000000000e-14)
(1.9500000000e+05 1.9500000000e+05)
(9.0034010000e+04 7.9965990000e+04)
(1.8496900000e+05 2.8179540000e+05)
49(8.0000000000e-15)
50(2.4000000000e-14)
(1.2500000000e+05 1.2500000000e+05)
174(3.0000000000e-15)
1(2.0000000000e-14)
(1.3500000000e+05 1.3500000000e+05)
2(1.8000000000e-14)
(9.3565670000e+04 3.2143430000e+05)
(3.7339500000e+05 1.8303930000e+05)
(2.9101560000e+05 6.4414070000e+05)
135(1.4000000000e-14)
231(3.2000000000e-14)
(1.2500000000e+05 1.2500000000e+05)
134(3.0000000000e-14)
118(1.0000000000e-14)
(1.2500000000e+05 1.2500000000e+05)
(1.8000000000e+05 1.8000000000e+05)
232(2.9000000000e-14)
234(3.0000000000e-15)
(1.2500000000e+05 1.2500000000e+05)
(1.2019160000e+05 4.1980840000e+05)
79(7.0000000000e-15)
84(2.4000000000e-14)
(1.4500000000e+05 1.4500000000e+05)
74(7.0000000000e-15)
80(2.1000000000e-14)
(1.5500000000e+05 1.5500000000e+05)
119(2.5000000000e-14)
85(7.0000000000e-15)
(2.3500000000e+05 2.3500000000e+05)
(8.0096030000e+04 3.9903970000e+04)
(3.8167810000e+05 1.4841790000e+05)
76(2.9000000000e-14)
78(3.1000000000e-14)
(1.5500000000e+05 1.5500000000e+05)
182(2.6000000000e-14)
(6.6785250000e+04 2.8821480000e+05)
75(1.8000000000e-14)
181(2.5000000000e-14)
(1.3500000000e+05 1.3500000000e+05)
(1.8248930000e+05 3.5072550000e+05)
(1.4620670000e+05 1.8976730000e+05)
(6.9033510000e+05 3.0197160000e+05)
88(4.0000000000e-15)
89(1.2000000000e-14)
(1.2500000000e+05 1.2500000000e+05)
86(2.9000000000e-14)
100(1.5000000000e-14)
(1.2500000000e+05 1.2500000000e+05)
(1.8000000000e+05 1.8000000000e+05)
93(3.0000000000e-14)
106(9.0000000000e-15)
63(3.2000000000e-14)
(1.2500000000e+05 1.2500000000e+05)
(2.6486910000e+05 7.0130920000e+04)
(2.3031360000e+05 3.7981740000e+05)
67(6.0000000000e-15)
87(2.1000000000e-14)
(1.5500000000e+05 1.5500000000e+05)
91(7.0000000000e-15)
90(2.7000000000e-14)
(1.5500000000e+05 1.5500000000e+05)
(1.8000000000e+05 1.8000000000e+05)
(2.1384760000e+05 5.9583880000e+05)
(2.8626890000e+05 6.4249210000e+05)
(9.8146520000e+05 2.8137670000e+05)
184(2.1000000000e-14)
198(2.4000000000e-14)
251(1.2000000000e-14)
(1.3500000000e+05 1.3500000000e+05)
(3.0148140000e+05 8.3518650000e+04)
199(3.2000000000e-14)
215(2.3000000000e-14)
(1.3500000000e+05 1.3500000000e+05)
(1.4394680000e+05 2.9957190000e+05)
214(9.0000000000e-15)
243(1.0000000000e-14)
(1.3500000000e+05 1.3500000000e+05)
(1.0311080000e+05 5.5646100000e+05)
250(2.0000000000e-14)
197(1.0000000000e-14)
(1.8000000000e+05 1.8000000000e+05)
212(1.5000000000e-14)
(2.3347870000e+04 2.2665210000e+05)
240(1.2000000000e-14)
237(1.4000000000e-14)
(1.8000000000e+05 1.8000000000e+05)
239(3.0000000000e-15)
(2.3347870000e+04 2.2665210000e+05)
(3.5165210000e+05 3.5165210000e+05)
(4.0242250000e+05 4.6403850000e+05)
186(5.0000000000e-15)
201(1.9000000000e-14)
(1.8000000000e+05 1.8000000000e+05)
187(2.9000000000e-14)
202(3.0000000000e-15)
(1.3500000000e+05 1.3500000000e+05)
(1.8107700000e+05 2.0392300000e+05)
183(1.3000000000e-14)
233(1.5000000000e-14)
(1.2500000000e+05 1.2500000000e+05)
200(2.6000000000e-14)
216(1.5000000000e-14)
(1.2500000000e+05 1.2500000000e+05)
(1.8000000000e+05 1.8000000000e+05)
253(2.5000000000e-14)
185(2.3000000000e-14)
(1.2500000000e+05 1.2500000000e+05)
(1.2019160000e+05 4.1980840000e+05)
(4.8946690000e+05 2.5641850000e+05)
(3.8340110000e+05 6.5586620000e+05)
196(2.7000000000e-14)
235(2.2000000000e-14)
(1.8500000000e+05 1.8500000000e+05)
193(2.9000000000e-14)
211(2.7000000000e-14)
(1.2500000000e+05 1.2500000000e+05)
(1.7976630000e+05 2.1023370000e+05)
195(2.6000000000e-14)
177(1.7000000000e-14)
252(3.1000000000e-14)
(1.2500000000e+05 1.2500000000e+05)
(2.6486910000e+05 7.0130920000e+04)
(1.4439150000e+05 2.8597320000e+05)
77(2.0000000000e-14)
209(6.0000000000e-15)
(1.8000000000e+05 1.8000000000e+05)
213(2.3000000000e-14)
(2.3347870000e+04 2.2665210000e+05)
(4.0732540000e+04 3.9345760000e+05)
178(2.9000000000e-14)
194(6.0000000000e-15)
(1.8000000000e+05 1.8000000000e+05)
175(1.3000000000e-14)
(3.0024030000e+04 2.3997600000e+05)
210(6.0000000000e-15)
(6.7823010000e+04 4.4215300000e+05)
180(1.3000000000e-14)
236(3.1000000000e-14)
(1.2500000000e+05 1.2500000000e+05)
179(1.4000000000e-14)
238(2.6000000000e-14)
(1.2500000000e+05 1.2500000000e+05)
(1.8000000000e+05 1.8000000000e+05)
(4.5065910000e+05 4.4218800000e+05)
(2.8392520000e+05 2.4877710000e+05)
(7.8263710000e+05 1.2692910000e+06)
(7.0237200000e+05 4.9352380000e+05)
(1.6969320000e+06 1.0600400000e+06)
(1.4775340000e+06 1.0510590000e+06)
